version https://git-lfs.github.com/spec/v1
oid sha256:d143ca608ad4ba850268c276129df7ea42e171b14540dece6200416bbcc8606c
size 55
